port=3011
clients=10
fx=5
fy=5
00000
01010
00100
00010
00000
